600 1.0079 1.00019 11.9515 0.00546724 1.77274 1.79024 12.8461 0.00546724
900 2.0863 2.1344 27.2133 0.0119876 3.81376 3.92742 30.0294 0.0119876
1200 3.73622 3.67635 48.4794 0.0206301 7.06934 7.04291 52.7365 0.0206301
1500 5.52128 5.43123 76.4549 0.0333358 10.422 10.5158 81.9685 0.0333358
1800 7.93043 7.8584 108.682 0.0489531 15.4848 15.697 118.869 0.0489531
2100 10.6143 11.2484 146.467 0.0667708 20.87 20.9753 161.104 0.0667708
2400 14.4468 13.7988 192.155 0.087424 27.6648 26.861 210.145 0.087424
2700 17.8494 17.4198 244.26 0.108108 34.3917 34.1075 265.674 0.108108
3000 21.9946 21.827 303.416 0.133266 42.299 42.5239 327.825 0.133266
3300 26.2433 26.1668 363.638 0.160331 50.951 51.2401 398.027 0.160331
3600 31.9776 30.6564 435.483 0.190228 60.6347 60.4398 473.889 0.190228
3900 36.8806 35.91 508.943 0.219146 72.4583 72.6609 556.142 0.219146
4200 42.7287 41.6443 590.93 0.253421 82.5507 84.4175 643.803 0.253421
4500 48.7877 47.4891 678.426 0.291988 95.0459 93.6741 742.662 0.291988
4800 55.7376 53.8225 770.613 0.330239 108.942 110.148 843.964 0.330239
5100 62.8059 61.7228 886.557 0.373911 121.922 123.563 947.012 0.373911
5400 69.6291 68.3068 982.003 0.41669 136.545 135.146 1068.25 0.41669
5700 78.111 76.7613 1087.16 0.464501 153.164 152.831 1186.16 0.464501
6000 86.9238 84.5022 1206.35 0.510988 167.654 167.53 1316.14 0.510988
6300 94.6574 92.8631 1327.58 0.560049 184.41 182.539 1445.08 0.560049
6600 105.072 102.157 1454.35 0.613724 203.983 200.92 1588.37 0.613724
6900 114.659 112.768 1592.8 0.669594 222.604 222.238 1738.13 0.669594
7200 123.401 123.595 1731 0.731432 244.364 239.503 1888.25 0.731432
7500 133.169 132.235 1887.34 0.789248 263.237 258.896 2050.89 0.789248
7800 145.375 144.807 2034.63 0.852198 284.459 277 2210.04 0.852198
