600 1.61622 1.00317 8.2435 0.00764784 1.53763 1.21664 8.5922 0.00764784
900 2.5784 1.20848 18.5308 0.017051 2.75491 3.38864 20.0016 0.017051
1200 2.6679 1.66621 32.5246 0.0307845 3.01296 4.82048 37.3616 0.0307845
1500 2.97834 2.58861 50.9582 0.0486065 7.05888 4.46451 54.1344 0.0486065
1800 5.96717 5.35264 74.4262 0.0699606 8.17786 7.21302 76.7941 0.0699606
2100 4.77853 4.53939 100.842 0.0916049 11.3423 9.75754 108.905 0.0916049
2400 19.7565 8.22061 135.842 0.12021 13.5396 12.8844 138.434 0.12021
2700 8.87606 10.0529 173.223 0.150092 18.6821 13.4654 173.579 0.150092
3000 13.4869 11.9376 220.736 0.182063 18.1799 19.4391 238.374 0.182063
3300 13.1204 12.8172 264.034 0.221055 21.9503 23.8107 268.692 0.221055
3600 12.1943 12.5208 301.871 0.262351 25.2732 22.8779 306.146 0.262351
3900 15.9578 14.7989 365.808 0.308053 27.2932 27.115 357.214 0.308053
4200 17.5182 16.1431 401.745 0.357508 32.004 30.2383 421.478 0.357508
4500 18.0901 17.8699 476.402 0.407104 36.2319 35.2567 484.955 0.407104
4800 22.4582 20.7261 554.879 0.462935 43.5395 43.067 564.542 0.462935
5100 29.3797 23.0776 633.32 0.523151 47.0147 43.2659 669.208 0.523151
5400 32.0222 30.5311 976.282 0.582697 71.2951 88.8589 1333.11 0.582697
5700 34.5808 33.0344 1176.77 0.64361 77.6348 84.788 1232.7 0.64361
6000 59.3457 36.3949 1342.76 0.708224 88.6052 418.194 1515.54 0.708224
6300 45.2035 44.2852 1324.07 0.775209 89.5302 110.993 1667.23 0.775209
6600 46.1564 44.5981 1734.71 0.85382 87.3733 132.211 2082.17 0.85382
6900 64.1016 61.8324 1813.24 0.933949 110.988 167.855 2140.62 0.933949
7200 61.4694 57.4272 1761.58 1.01281 149.694 198.988 2139.67 1.01281
7500 59.2773 57.0399 1720.42 1.08636 132.916 155.392 1849.71 1.08636
7800 67.2955 61.8401 2029.88 1.16058 131.407 187.096 2621.93 1.16058
