600 0.759104 1.63587 8.8405 291824 0.546016 0.893312 9.2209 291824
900 1.85594 1.91757 19.6419 656476 2.12877 1.89542 21.9661 656476
1200 2.7527 1.78986 34.446 1.16687e+06 3.27424 4.5975 36.4729 1.16687e+06
1500 2.68256 2.85494 59.9808 1.82258e+06 4.29363 4.23558 60.5359 1.82258e+06
1800 3.45293 2.6063 77.7247 2.62343e+06 6.14106 6.54378 83.3364 2.62343e+06
2100 4.56054 7.22858 110.044 3.56958e+06 7.68637 8.39082 117.626 3.56958e+06
2400 7.75827 10.4011 140.985 4.6563e+06 14.3081 17.9578 147.407 4.6563e+06
2700 6.73974 9.44429 284.893 5.8848e+06 13.1783 12.512 180.949 5.8848e+06
3000 14.1008 12.9043 222.062 7.26147e+06 17.5579 21.3418 228.948 7.26147e+06
3300 9.5887 11.3587 276.444 8.77018e+06 21.4483 24.1893 278.401 8.77018e+06
3600 12.1296 11.6306 322.763 1.03996e+07 23.565 31.1703 328.424 1.03996e+07
3900 14.4862 17.6221 393.634 1.21698e+07 28.4716 31.4925 433.707 1.21698e+07
4200 36.3953 15.8175 448.824 1.40792e+07 32.7315 38.01 452.752 1.40792e+07
4500 19.464 17.1016 516.71 1.61296e+07 42.8462 48.9393 548.678 1.61296e+07
4800 21.6341 20.2382 588.877 1.82272e+07 49.8932 58.5575 633.418 1.82272e+07
5100 30.8124 24.8196 778.072 2.0442e+07 113.895 162.997 935.338 2.0442e+07
5400 26.8508 23.5042 765.947 2.27622e+07 99.9884 115.926 1009.61 2.27622e+07
5700 30.5643 28.2348 799.657 2.52231e+07 62.4085 73.8358 908.445 2.52231e+07
6000 35.2102 31.7622 890.544 2.7812e+07 74.9395 73.7407 1025.79 2.7812e+07
6300 35.1756 34.2009 977.959 3.05309e+07 69.2679 71.1964 1370.33 3.05309e+07
6600 38.5301 35.7096 1074.55 3.33905e+07 75.0107 83.5613 1362.67 3.33905e+07
6900 40.5543 39.6003 1178.41 3.35544e+07 83.0431 78.4019 1335.05 3.35544e+07
7200 51.63 44.4873 1287 3.35544e+07 95.4016 86.2759 1353.55 3.35544e+07
7500 64.7477 48.1755 1361.58 3.35544e+07 132.668 122.485 1670.63 3.35544e+07
7800 58.7356 52.1265 1497.66 3.35544e+07 149.191 186.204 1967.96 3.35544e+07
