600 274.042 1.52179 16.8939 0.00764784 1.65539 2.70461 17.0911 0.00764784
900 7.02672 3.64394 36.1195 0.017051 5.63674 10.8547 36.915 0.017051
1200 5.80861 6.97152 61.4078 0.0307845 12.5389 10.1124 65.4584 0.0307845
1500 8.80675 7.94499 96.1454 0.0486065 12.2569 12.8104 78.4126 0.0486065
1800 10.287 9.54976 110.25 0.0699606 17.7816 18.5705 110.748 0.0699606
2100 13.2962 12.5963 143.29 0.0916049 28.2422 26.8536 164.437 0.0916049
2400 17.3104 17.7109 192.877 0.12021 33.5982 33.178 202.943 0.12021
2700 21.669 21.1629 244.504 0.150092 40.9972 41.3629 254.841 0.150092
3000 29.148 25.7177 311.319 0.182063 51.6463 52.1273 310.297 0.182063
3300 32.6162 33.265 365.471 0.221055 63.2894 63.6516 390.725 0.221055
3600 38.6974 40.9133 440.669 0.262351 74.0854 81.5302 598.495 0.262351
3900 57.2717 55.818 572.87 0.308053 89.1451 89.8688 542.508 0.308053
4200 52.2432 52.9142 588.403 0.357508 104.914 103.613 632.376 0.357508
4500 59.3276 59.5007 690.585 0.407104 117.11 117.639 740.866 0.407104
4800 89.0907 83.2098 996.478 0.462935 134.432 134.205 826.459 0.462935
5100 77.885 75.917 881.831 0.523151 150.65 151.216 968.11 0.523151
5400 90.9606 88.1108 987.372 0.582697 174.61 175.598 1053.06 0.582697
5700 99.0898 95.8646 1096 0.64361 188.307 193.355 1168.59 0.64361
6000 131.637 136.054 1508.43 0.708224 206.99 212.663 1255.63 0.708224
6300 118.994 117.469 1346.08 0.775209 230.8 230.55 1712.04 0.775209
6600 128.365 132.296 1472.46 0.85382 258.886 263.621 1573.23 0.85382
6900 181.549 176.253 1639.93 0.933949 282.708 286.017 1726.32 0.933949
7200 196.006 188.17 2161.17 1.01281 307.064 313.102 1861.09 1.01281
7500 172.705 167.702 2264.4 1.08636 334.965 331.999 2025.43 1.08636
7800 183.19 183.756 2546.95 1.16058 370.219 366.194 2229.27 1.16058
